{
  "nbformat": 4,
  "nbformat_minor": 0,
  "metadata": {
    "colab": {
      "name": "Assignment 1 Solution - DS.ipynb",
      "provenance": [],
      "collapsed_sections": [],
      "include_colab_link": true
    },
    "kernelspec": {
      "name": "python3",
      "display_name": "Python 3"
    }
  },
  "cells": [
    {
      "cell_type": "markdown",
      "metadata": {
        "id": "view-in-github",
        "colab_type": "text"
      },
      "source": [
        "<a href=\"https://colab.research.google.com/github/amlansahoo07/SHALA-2020/blob/master/Assignment_1_Solution_DS.ipynb\" target=\"_parent\"><img src=\"https://colab.research.google.com/assets/colab-badge.svg\" alt=\"Open In Colab\"/></a>"
      ]
    },
    {
      "cell_type": "markdown",
      "metadata": {
        "id": "hmr2U-GChnlR",
        "colab_type": "text"
      },
      "source": [
        "\n",
        "# **Assignment - 1 : Getting Started**\n",
        "\n",
        "---\n",
        "\n",
        "This assignment will get you familiarized with python libraries required for ***data science*** and ***machine learning***. You will have to complete the code snippets and run them. "
      ]
    },
    {
      "cell_type": "markdown",
      "metadata": {
        "id": "211pD45xEO0u",
        "colab_type": "text"
      },
      "source": [
        "## **Note :**   Use only the methods and attributes of the ```numpy``` library. **Do not** hard-code them. Avoid loops as much as possible."
      ]
    },
    {
      "cell_type": "markdown",
      "metadata": {
        "id": "O7v9C4mun3SQ",
        "colab_type": "text"
      },
      "source": [
        "---\n",
        "## Part - 1\n",
        " In this part, you will work with the library ```numpy```. \n",
        "\n",
        "\n"
      ]
    },
    {
      "cell_type": "markdown",
      "metadata": {
        "id": "846yDaXQwiMD",
        "colab_type": "text"
      },
      "source": [
        "Import ```numpy``` with an alias name ```np```. Initialize two arrays $a$, $b$ of size $3 \\times 5$ with random values and print them. "
      ]
    },
    {
      "cell_type": "code",
      "metadata": {
        "id": "_MyeCO3_o3oq",
        "colab_type": "code",
        "outputId": "4c879fe1-b661-4687-a79a-a7c07e8d75d5",
        "colab": {
          "base_uri": "https://localhost:8080/",
          "height": 116
        }
      },
      "source": [
        "import numpy as np\n",
        "a = np.random.random_sample((3,5))\n",
        "b = np.random.random_sample((3,5))\n",
        "print(\"a = {}\".format(a))\n",
        "print(\"b = {}\".format(b))"
      ],
      "execution_count": 0,
      "outputs": [
        {
          "output_type": "stream",
          "text": [
            "a = [[0.12135721 0.37900267 0.2564598  0.62929441 0.67302669]\n",
            " [0.79925044 0.78178354 0.776442   0.48495812 0.12750896]\n",
            " [0.32593251 0.04525336 0.80512708 0.22373983 0.3478837 ]]\n",
            "b = [[0.4230655  0.47074388 0.65727314 0.76147482 0.24461167]\n",
            " [0.03503558 0.06943175 0.92977414 0.00519791 0.3230286 ]\n",
            " [0.63448932 0.64116295 0.32353336 0.90750765 0.28372868]]\n"
          ],
          "name": "stdout"
        }
      ]
    },
    {
      "cell_type": "markdown",
      "metadata": {
        "id": "p7jtpYT4wiO6",
        "colab_type": "text"
      },
      "source": [
        "Initialize and print two arrays $c$ and $d$ having the following properties:\n",
        "*   $c$ is a row vector with all non-negative integer values less than 100\n",
        "* $d$ is a square matrix of size 3 having all entries as 0.0"
      ]
    },
    {
      "cell_type": "code",
      "metadata": {
        "id": "a2lJdRf8x9f2",
        "colab_type": "code",
        "outputId": "0515c2e8-0d8b-44c8-9ab8-28b499fe0e45",
        "colab": {
          "base_uri": "https://localhost:8080/",
          "height": 150
        }
      },
      "source": [
        "c = np.arange(0,100)\n",
        "print(\"c = {}\".format(c))\n",
        "d = np.zeros((3,3))\n",
        "print(\"d = {}\".format(d))"
      ],
      "execution_count": 0,
      "outputs": [
        {
          "output_type": "stream",
          "text": [
            "c = [ 0  1  2  3  4  5  6  7  8  9 10 11 12 13 14 15 16 17 18 19 20 21 22 23\n",
            " 24 25 26 27 28 29 30 31 32 33 34 35 36 37 38 39 40 41 42 43 44 45 46 47\n",
            " 48 49 50 51 52 53 54 55 56 57 58 59 60 61 62 63 64 65 66 67 68 69 70 71\n",
            " 72 73 74 75 76 77 78 79 80 81 82 83 84 85 86 87 88 89 90 91 92 93 94 95\n",
            " 96 97 98 99]\n",
            "d = [[0. 0. 0.]\n",
            " [0. 0. 0.]\n",
            " [0. 0. 0.]]\n"
          ],
          "name": "stdout"
        }
      ]
    },
    {
      "cell_type": "markdown",
      "metadata": {
        "id": "qqgtSsa88Zmh",
        "colab_type": "text"
      },
      "source": [
        "We have $e$ as following : ```e = [[1,2,3],[4,5,6],[7,8,9]]```. Change $e$ as a numpy array and print it."
      ]
    },
    {
      "cell_type": "code",
      "metadata": {
        "id": "Krhm4bVE7RET",
        "colab_type": "code",
        "outputId": "05cf44f9-6b24-49ab-e03b-144c97be5870",
        "colab": {
          "base_uri": "https://localhost:8080/",
          "height": 66
        }
      },
      "source": [
        "e = [[1,2,3],[4,5,6],[7,8,9]]\n",
        "e = np.array(e)\n",
        "print(\"e = {}\".format(e))\n",
        "\n"
      ],
      "execution_count": 0,
      "outputs": [
        {
          "output_type": "stream",
          "text": [
            "e = [[1 2 3]\n",
            " [4 5 6]\n",
            " [7 8 9]]\n"
          ],
          "name": "stdout"
        }
      ]
    },
    {
      "cell_type": "markdown",
      "metadata": {
        "id": "1qTikI0foam9",
        "colab_type": "text"
      },
      "source": [
        "$f$ and $g$ are two square matrices of size 5 such that all the entries of $f$ are 1 and $g$ is an identity matrix. Initialize them and print them"
      ]
    },
    {
      "cell_type": "code",
      "metadata": {
        "id": "DvaLckI49aBV",
        "colab_type": "code",
        "outputId": "ca5f912a-1b38-4315-9716-ca7e9edaa527",
        "colab": {
          "base_uri": "https://localhost:8080/",
          "height": 183
        }
      },
      "source": [
        "f = np.ones((5,5))\n",
        "print(\"f = {}\".format(f))\n",
        "g = np.eye(5)\n",
        "print(\"g = {}\".format(g))"
      ],
      "execution_count": 0,
      "outputs": [
        {
          "output_type": "stream",
          "text": [
            "f = [[1. 1. 1. 1. 1.]\n",
            " [1. 1. 1. 1. 1.]\n",
            " [1. 1. 1. 1. 1.]\n",
            " [1. 1. 1. 1. 1.]\n",
            " [1. 1. 1. 1. 1.]]\n",
            "g = [[1. 0. 0. 0. 0.]\n",
            " [0. 1. 0. 0. 0.]\n",
            " [0. 0. 1. 0. 0.]\n",
            " [0. 0. 0. 1. 0.]\n",
            " [0. 0. 0. 0. 1.]]\n"
          ],
          "name": "stdout"
        }
      ]
    },
    {
      "cell_type": "markdown",
      "metadata": {
        "id": "gcBZAZibAKcg",
        "colab_type": "text"
      },
      "source": [
        "Reshape $c$ into a $10 \\times 10$ matrix and name it $h$. Now flatten $h$, call it $c^\\prime$ and print **YES** when the shapes of $c$ and $c^\\prime$ are same. Otherwise print **NO**."
      ]
    },
    {
      "cell_type": "code",
      "metadata": {
        "id": "I71vtO9bA9Pi",
        "colab_type": "code",
        "outputId": "74575cc1-af04-4f51-d3d6-6d4177968f6b",
        "colab": {
          "base_uri": "https://localhost:8080/",
          "height": 200
        }
      },
      "source": [
        "h = c.reshape(10,10)\n",
        "print(\"h = {}\".format(h))\n",
        "c_dash = h.flatten()\n",
        "if (c.shape == c_dash.shape):\n",
        "  print(\"YES\")\n",
        "else:\n",
        "  print(\"NO\")\n"
      ],
      "execution_count": 0,
      "outputs": [
        {
          "output_type": "stream",
          "text": [
            "h = [[ 0  1  2  3  4  5  6  7  8  9]\n",
            " [10 11 12 13 14 15 16 17 18 19]\n",
            " [20 21 22 23 24 25 26 27 28 29]\n",
            " [30 31 32 33 34 35 36 37 38 39]\n",
            " [40 41 42 43 44 45 46 47 48 49]\n",
            " [50 51 52 53 54 55 56 57 58 59]\n",
            " [60 61 62 63 64 65 66 67 68 69]\n",
            " [70 71 72 73 74 75 76 77 78 79]\n",
            " [80 81 82 83 84 85 86 87 88 89]\n",
            " [90 91 92 93 94 95 96 97 98 99]]\n",
            "YES\n"
          ],
          "name": "stdout"
        }
      ]
    },
    {
      "cell_type": "markdown",
      "metadata": {
        "id": "8FrecDPiA-Bv",
        "colab_type": "text"
      },
      "source": [
        "Let $A$ denote a randomly initialized three dimensional matrix of shape (2,10,5). Transpose $A$, call it $A^\\prime$, such that its shape is (5,2,10) and print it."
      ]
    },
    {
      "cell_type": "code",
      "metadata": {
        "id": "VbOKqSm6Bkaq",
        "colab_type": "code",
        "outputId": "d4550f36-277c-43ce-c2bc-de7330a03954",
        "colab": {
          "base_uri": "https://localhost:8080/",
          "height": 583
        }
      },
      "source": [
        "A = np.random.rand(2,10,5)\n",
        "A_dash = A.transpose(2,0,1)\n",
        "print(\"A_dash = {}\".format(A_dash))\n"
      ],
      "execution_count": 0,
      "outputs": [
        {
          "output_type": "stream",
          "text": [
            "A_dash = [[[1.34806731e-01 7.04473907e-01 9.78416423e-01 3.91275707e-01\n",
            "   2.36526046e-01 9.09547158e-01 3.80856867e-01 8.09195562e-02\n",
            "   6.66387692e-01 6.12054137e-01]\n",
            "  [8.97674863e-01 6.75035663e-01 2.56397898e-01 3.91765308e-01\n",
            "   3.40462630e-01 1.20720038e-01 6.33521483e-01 6.87204598e-01\n",
            "   7.88966021e-02 2.78444089e-01]]\n",
            "\n",
            " [[3.03272913e-01 3.90891480e-01 3.37055530e-01 6.20260640e-02\n",
            "   8.61885957e-01 1.60573858e-02 6.75652584e-01 7.06140910e-01\n",
            "   2.46253428e-02 3.43167482e-01]\n",
            "  [7.50594188e-01 3.58169094e-01 8.17487558e-02 5.26572591e-01\n",
            "   1.99546940e-01 6.38247866e-01 5.27822302e-01 7.13882233e-01\n",
            "   4.35979153e-01 4.48769015e-01]]\n",
            "\n",
            " [[9.09289788e-02 2.63329483e-01 8.46773420e-01 6.82477408e-01\n",
            "   5.16844856e-01 6.28877791e-01 3.46160039e-01 2.27768977e-01\n",
            "   6.13148113e-01 7.36544601e-02]\n",
            "  [1.96010171e-01 9.03292990e-01 7.67741845e-01 9.53584074e-01\n",
            "   9.16015343e-01 4.92083722e-01 1.58336329e-01 9.81986610e-01\n",
            "   4.65112795e-01 9.26136449e-02]]\n",
            "\n",
            " [[3.03425459e-01 1.34159661e-01 7.63873253e-01 8.96600044e-01\n",
            "   7.39230082e-01 7.83944016e-01 5.46353263e-01 8.28746202e-01\n",
            "   3.61924507e-02 8.27719643e-01]\n",
            "  [4.70027201e-01 7.55680351e-01 8.17861662e-01 4.72034520e-01\n",
            "   3.95313783e-01 6.07461048e-01 4.03264738e-01 7.87952267e-01\n",
            "   2.52616654e-01 3.57183141e-01]]\n",
            "\n",
            " [[8.34164767e-01 6.15837772e-02 6.00803550e-01 9.50216493e-01\n",
            "   1.31181206e-01 2.51925405e-01 6.99144637e-01 7.32073185e-01\n",
            "   9.55306639e-04 3.91610513e-01]\n",
            "  [7.54846675e-01 4.91170652e-01 1.69092654e-01 8.04269564e-02\n",
            "   1.41455749e-01 9.45290244e-01 9.74116144e-01 6.87468710e-01\n",
            "   5.84307731e-01 4.52280664e-01]]]\n"
          ],
          "name": "stdout"
        }
      ]
    },
    {
      "cell_type": "markdown",
      "metadata": {
        "id": "xR2zd-nkCani",
        "colab_type": "text"
      },
      "source": [
        "You have a matrix $X$ of size (10,5) filled with random values. Print the following :\n",
        "* Minimum value and index where it occured, for each column\n",
        "* Maximum value and the index where it occured, for each column\n",
        "* Minimum value and index where it occured, for each row\n",
        "* Maximum value and index where it occured, for each row\n",
        "* Minimum value and index where it occured, for the entire matrix\n",
        "* Maximum value and index where it occured, for the entire matrix"
      ]
    },
    {
      "cell_type": "code",
      "metadata": {
        "id": "FR2Wd4fWD_Og",
        "colab_type": "code",
        "outputId": "555c8d2a-c687-4e65-96c2-9f064d68a441",
        "colab": {
          "base_uri": "https://localhost:8080/",
          "height": 350
        }
      },
      "source": [
        "np.random.seed(0)\n",
        "X = np.random.rand(10,5)\n",
        "print(\"-\"*10 + \"Min for each column\" + \"-\"*10)\n",
        "print(\"min(X) = {}\".format(np.min(X, axis = 0)))\n",
        "print(\"argmin(X) = {}\".format(np.argmin(X, axis = 0)))\n",
        "print(\"-\"*10 + \"Max for each column\" + \"-\"*10)\n",
        "print(\"max(X) = {}\".format(np.max(X, axis = 0)))\n",
        "print(\"argmax(X) = {}\".format(np.argmax(X, axis = 0)))\n",
        "print(\"-\"*10 + \"Min for each row\" + \"-\"*10)\n",
        "print(\"min(X) = {}\".format(np.min(X, axis = 1)))\n",
        "print(\"argmin(X) = {}\".format(np.argmin(X, axis = 1)))\n",
        "print(\"-\"*10 + \"Max for each row\" + \"-\"*10)\n",
        "print(\"max(X) = {}\".format(np.max(X, axis = 1)))\n",
        "print(\"argmax(X) = {}\".format(np.argmax(X, axis = 1)))\n",
        "print(\"-\"*10 + \"Min for entire matrix\" + \"-\"*10)\n",
        "print(\"min(X) = {}\".format(np.min(X)))\n",
        "print(\"argmin(X) = {}\".format(np.argmin(X)))\n",
        "print(\"-\"*10 + \"Max for entire matrix\" + \"-\"*10)\n",
        "print(\"max(X) = {}\".format(np.max(X)))\n",
        "print(\"argmax(X) = {}\".format(np.argmax(X)))\n"
      ],
      "execution_count": 0,
      "outputs": [
        {
          "output_type": "stream",
          "text": [
            "----------Min for each column----------\n",
            "min(X) = [0.0871293  0.0202184  0.1289263  0.06022547 0.0187898 ]\n",
            "argmin(X) = [3 3 9 8 6]\n",
            "----------Max for each column----------\n",
            "max(X) = [0.97861834 0.79915856 0.94466892 0.96366276 0.87001215]\n",
            "argmax(X) = [4 4 5 1 3]\n",
            "----------Min for each row----------\n",
            "min(X) = [0.4236548  0.38344152 0.07103606 0.0202184  0.11827443 0.14335329\n",
            " 0.0187898  0.61209572 0.06022547 0.1289263 ]\n",
            "argmin(X) = [4 4 4 1 4 1 4 1 3 2]\n",
            "----------Max for each row----------\n",
            "max(X) = [0.71518937 0.96366276 0.92559664 0.87001215 0.97861834 0.94466892\n",
            " 0.77423369 0.94374808 0.6976312  0.67063787]\n",
            "argmax(X) = [1 3 3 4 0 2 1 3 2 0]\n",
            "----------Min for entire matrix----------\n",
            "min(X) = 0.018789800436355142\n",
            "argmin(X) = 34\n",
            "----------Max for entire matrix----------\n",
            "max(X) = 0.978618342232764\n",
            "argmax(X) = 20\n"
          ],
          "name": "stdout"
        }
      ]
    },
    {
      "cell_type": "markdown",
      "metadata": {
        "id": "YpjW2ypkEGtS",
        "colab_type": "text"
      },
      "source": [
        "Find and print the following for the matrix X: \n",
        "* Mean of each row and column\n",
        "* Standard deviation of each row and column\n",
        "* Mean of the entire matrix\n",
        "* Standard deviation of entire matrix"
      ]
    },
    {
      "cell_type": "code",
      "metadata": {
        "id": "gMdm2pw0GWjf",
        "colab_type": "code",
        "outputId": "c0214bf2-d180-4774-ee88-4fda07b6e329",
        "colab": {
          "base_uri": "https://localhost:8080/",
          "height": 150
        }
      },
      "source": [
        "print(\"Mean of each row = {}\".format(np.mean(X, axis = 1)))\n",
        "print(\"Mean of each column = {}\".format(np.mean(X, axis = 0)))\n",
        "print(\"Standard Deviation of each row = {}\".format(np.std(X, axis = 1)))\n",
        "print(\"Standard Deviation of each column = {}\".format(np.std(X, axis = 0)))\n",
        "print(\"Mean of matrix = {}\".format(np.mean(X)))\n",
        "print(\"Standard Deviation matrix = {}\".format(np.std(X)))\n"
      ],
      "execution_count": 0,
      "outputs": [
        {
          "output_type": "stream",
          "text": [
            "Mean of each row = [0.56706085 0.66447172 0.57705944 0.51762729 0.62761197 0.5328907\n",
            " 0.41643268 0.69444672 0.44423265 0.33781717]\n",
            "Mean of each column = [0.56044382 0.46781457 0.62009909 0.64025127 0.40121685]\n",
            "Standard Deviation of each row = [0.09445299 0.23322986 0.29189733 0.38052993 0.30431633 0.26338419\n",
            " 0.25841437 0.12727959 0.23169975 0.18537332]\n",
            "Standard Deviation of each column = [0.24687647 0.25752158 0.22948615 0.28054144 0.26584905]\n",
            "Mean of matrix = 0.5379651182755409\n",
            "Standard Deviation matrix = 0.27226582292177587\n"
          ],
          "name": "stdout"
        }
      ]
    },
    {
      "cell_type": "markdown",
      "metadata": {
        "id": "7dw7W8HOGXKA",
        "colab_type": "text"
      },
      "source": [
        "Let $Y$ denote a square matrix of size 10 with random values. Print the following:\n",
        "* Determinant\n",
        "* Rank of the matrix\n",
        "* Diagonal Elements\n",
        "* Trace\n",
        "* Eigen values\n",
        "* Matrices obtained after Singular Value Decomposition\n",
        "* Inverse if exists, otherwise Pseudo-Inverse\n",
        "* Multiplication $Y$ with $X$\n",
        "* Element-wise multiplication of $Y$ and its inverse(or pseudo-inverse)"
      ]
    },
    {
      "cell_type": "code",
      "metadata": {
        "id": "Tswbn9hgL7yi",
        "colab_type": "code",
        "outputId": "eaf9c0b5-dc26-4128-c41c-3ee85b0474b8",
        "colab": {
          "base_uri": "https://localhost:8080/",
          "height": 1000
        }
      },
      "source": [
        "np.random.seed(3)\n",
        "Y = np.random.rand(10,10)\n",
        "print(\"Det of Y = \\n{}\".format(np.linalg.det(Y)))\n",
        "print(\"Rank of Y = \\n{}\".format(np.linalg.matrix_rank(Y)))\n",
        "print(\"Diagonal elements of Y = \\n{}\".format(np.diag(Y)))\n",
        "print(\"Trace of Y = \\n{}\".format(np.trace(Y)))\n",
        "print(\"Eigen values of Y = \\n{}\".format(np.linalg.eigvals(Y)))\n",
        "u,s,vh = np.linalg.svd(Y)\n",
        "print(\"U of Y is :\\n{}\".format(u))\n",
        "print(\"V of Y is :\\n{}\".format(vh))\n",
        "print(\"Singular values of Y are :\\n{}\".format(s))\n",
        "\n",
        "if np.linalg.det(Y) != 0:\n",
        "  print(\"Inverse of Y = \\n{}\".format(np.linalg.inv(Y)))\n",
        "  print(\"Element wise multiplication = \\n{}\".format(Y, np.linalg.inv(Y))) \n",
        "else:\n",
        "  print(\"Inverse of Y = \\n{}\".format(np.linalg.pinv(Y))) \n",
        "  print(\"Element wise multiplication = \\n{}\".format(Y, np.linalg.pinv(Y)))   \n",
        "\n"
      ],
      "execution_count": 0,
      "outputs": [
        {
          "output_type": "stream",
          "text": [
            "Det of Y = \n",
            "-0.012807808169095483\n",
            "Rank of Y = \n",
            "10\n",
            "Diagonal elements of Y = \n",
            "[0.5507979  0.45683322 0.44045372 0.84575087 0.4576864  0.36217621\n",
            " 0.06152893 0.19897603 0.92672568 0.19638058]\n",
            "Trace of Y = \n",
            "4.497309545724899\n",
            "Eigen values of Y = \n",
            "[ 4.797525  +0.j          0.72411408+0.52238181j  0.72411408-0.52238181j\n",
            " -0.48250062+0.55413671j -0.48250062-0.55413671j -0.6909002 +0.j\n",
            " -0.25905659+0.32357377j -0.25905659-0.32357377j  0.2127855 +0.08352477j\n",
            "  0.2127855 -0.08352477j]\n",
            "U of Y is :\n",
            "[[-0.31776408 -0.02455508 -0.60644878 -0.17883359 -0.12672161  0.14873878\n",
            "  -0.17823942 -0.52859453 -0.02295855 -0.38570883]\n",
            " [-0.26118514 -0.10864541 -0.24911354  0.26547359  0.52168399 -0.25773901\n",
            "  -0.46995326  0.21752636 -0.39285046  0.16234491]\n",
            " [-0.31347907 -0.34483471 -0.25292297  0.1214296   0.1486964   0.33436315\n",
            "   0.54080229  0.48017168  0.05660692 -0.20966421]\n",
            " [-0.35815379  0.59490017  0.30255161  0.15850614 -0.11046295  0.3051409\n",
            "   0.07395537  0.03044889 -0.50561658 -0.18384856]\n",
            " [-0.28385845 -0.18085696 -0.1583078   0.10535533 -0.46807835 -0.08377643\n",
            "   0.24075452 -0.16170764 -0.24786952  0.69201648]\n",
            " [-0.28871348 -0.27577124  0.40271105  0.60433658  0.11931679 -0.04899205\n",
            "   0.02593316 -0.44875145  0.27874747 -0.12964796]\n",
            " [-0.27897316  0.00398904  0.20819753 -0.52536617  0.41116881 -0.41991923\n",
            "   0.42687225 -0.24145621 -0.12958507 -0.00984813]\n",
            " [-0.24788529  0.48136836 -0.15792433 -0.02303902  0.3246308   0.25755952\n",
            "  -0.01429533 -0.03088365  0.56052488  0.44079262]\n",
            " [-0.37505167 -0.36728578  0.39799373 -0.45186801 -0.10830044  0.34456765\n",
            "  -0.4447402   0.14147957  0.0716725   0.09192695]\n",
            " [-0.40049601  0.19846099 -0.02705464  0.02500837 -0.39745062 -0.57941613\n",
            "  -0.10288216  0.3673956   0.33321483 -0.22039139]]\n",
            "V of Y is :\n",
            "[[-0.28816735 -0.35560525 -0.33294235 -0.33250662 -0.36658188 -0.3625847\n",
            "  -0.26573249 -0.23278667 -0.30457183 -0.29270444]\n",
            " [ 0.53693497  0.11306854  0.39562078  0.25099719 -0.07369559 -0.37753546\n",
            "  -0.08584363  0.00333609 -0.2399022  -0.51623983]\n",
            " [-0.084609   -0.22589744 -0.00306935  0.1954239  -0.327784   -0.49318928\n",
            "   0.42323124  0.18588504  0.58200169  0.02301787]\n",
            " [ 0.01388163 -0.2631197   0.42190391 -0.53612946  0.01058633 -0.04415909\n",
            "   0.29385139  0.49501812 -0.32731018  0.15669071]\n",
            " [-0.27340804  0.28220631  0.28945859 -0.1626885   0.14790418 -0.35915036\n",
            "  -0.64971879  0.23854611  0.29589227  0.1337842 ]\n",
            " [ 0.10830593  0.27974551 -0.20571161  0.10308827  0.10096026 -0.5325142\n",
            "   0.15994871 -0.16150892 -0.3941055   0.59692177]\n",
            " [ 0.44882085  0.34972045 -0.01773924 -0.50737391 -0.52251393  0.11970007\n",
            "  -0.02807841 -0.20137782  0.25705553  0.15409283]\n",
            " [-0.35599817 -0.05022624  0.63427946  0.20935183 -0.34847081  0.11510691\n",
            "   0.03182222 -0.47748403 -0.1161671   0.21777064]\n",
            " [ 0.18417681 -0.32168889  0.15954963 -0.32397524  0.5548368  -0.1807982\n",
            "   0.08626619 -0.55063636  0.28439362 -0.01119242]\n",
            " [-0.41560913  0.59522266  0.02089304 -0.23979844  0.13515565 -0.0893732\n",
            "   0.44674689 -0.10709455 -0.02239562 -0.42098815]]\n",
            "Singular values of Y are :\n",
            "[4.89636645 1.42832104 1.17173389 0.94068764 0.76892251 0.62457278\n",
            " 0.52105948 0.28969576 0.24512275 0.09350223]\n",
            "Inverse of Y = \n",
            "[[ 2.31470983 -1.92264991  0.7642126   0.78096977 -2.74248585  1.20175092\n",
            "   0.38693174 -1.37664514 -0.96484143  0.83123246]\n",
            " [-2.24504111  1.25605742 -0.91466223 -0.39587642  4.71823627 -1.32162185\n",
            "   0.52594984  2.39368168  0.33051878 -2.33540101]\n",
            " [-1.41290916  0.66149939  0.94968095 -0.18869248 -0.50069581 -0.55664939\n",
            "  -0.55275157  0.57384943 -0.04209635  1.11025544]\n",
            " [ 0.88051129  0.37055438  0.15632501  1.25248223 -1.81219563 -0.7249179\n",
            "  -0.19613524 -1.81766381  0.56943994  0.52226388]\n",
            " [ 0.39743656 -0.28842728 -1.09880632 -1.57965965  0.36480771  0.90235521\n",
            "  -0.47743451  2.09911148  0.53638288 -0.04562024]\n",
            " [ 0.36068175  0.22958502  0.33426258  0.10367281 -0.06700744 -0.37158555\n",
            "   0.22972702 -1.26286862 -0.45133033  0.75430018]\n",
            " [-2.01045364  0.19347423 -1.01393804 -0.74303568  3.56449935 -0.31892146\n",
            "  -0.67116163  2.01265699  0.72873355 -0.69454601]\n",
            " [ 1.18043988  0.86047396 -0.88991494  1.30425635 -0.14247318  0.69661973\n",
            "   0.5413572  -1.69774697 -0.60797727 -1.00698216]\n",
            " [-0.1679456  -0.63197036 -0.0540802  -0.73587818 -0.46423184  0.67805628\n",
            "   0.88551393  0.37662528 -0.03416891  0.42341327]\n",
            " [ 1.3938872  -0.74982353  1.96636643  1.00676681 -3.21953806  0.44078124\n",
            "  -0.40298654 -1.90114336 -0.04414834  0.55576763]]\n",
            "Element wise multiplication = \n",
            "[[0.5507979  0.70814782 0.29090474 0.51082761 0.89294695 0.89629309\n",
            "  0.12558531 0.20724288 0.0514672  0.44080984]\n",
            " [0.02987621 0.45683322 0.64914405 0.27848728 0.6762549  0.59086282\n",
            "  0.02398188 0.55885409 0.25925245 0.4151012 ]\n",
            " [0.28352508 0.69313792 0.44045372 0.15686774 0.54464902 0.78031476\n",
            "  0.30636353 0.22195788 0.38797126 0.93638365]\n",
            " [0.97599542 0.67238368 0.90283411 0.84575087 0.37799404 0.09221701\n",
            "  0.6534109  0.55784076 0.36156476 0.2250545 ]\n",
            " [0.40651992 0.46894025 0.26923558 0.29179277 0.4576864  0.86053391\n",
            "  0.5862529  0.28348786 0.27797751 0.45462208]\n",
            " [0.20541034 0.20137871 0.51403506 0.08722937 0.48358553 0.36217621\n",
            "  0.70768662 0.74674622 0.69109292 0.68918041]\n",
            " [0.37360012 0.6681348  0.33984866 0.57279387 0.32580716 0.44514505\n",
            "  0.06152893 0.24267542 0.97160261 0.2305842 ]\n",
            " [0.69147751 0.65047686 0.72393914 0.47508861 0.59666377 0.06696942\n",
            "  0.07256214 0.19897603 0.151861   0.10010434]\n",
            " [0.12929386 0.55327773 0.18781482 0.95210124 0.68161178 0.54101967\n",
            "  0.7071806  0.26388667 0.92672568 0.83919306]\n",
            " [0.7263195  0.48023996 0.84210319 0.74475232 0.66032591 0.91397527\n",
            "  0.63366556 0.36594058 0.55284457 0.19638058]]\n"
          ],
          "name": "stdout"
        }
      ]
    },
    {
      "cell_type": "markdown",
      "metadata": {
        "id": "Qne3RnfOL6-4",
        "colab_type": "text"
      },
      "source": [
        "## End of Part - 1\n",
        " --- --- ---"
      ]
    },
    {
      "cell_type": "markdown",
      "metadata": {
        "id": "LA-m4UYkMPTe",
        "colab_type": "text"
      },
      "source": [
        "## Part - 2\n",
        "---\n",
        "In this part, you will be working with the library ```pandas```. Import this library with an alias name ```pd```."
      ]
    },
    {
      "cell_type": "code",
      "metadata": {
        "id": "i8z7TpnZSIms",
        "colab_type": "code",
        "colab": {}
      },
      "source": [
        "# Initial imports\n",
        "import numpy as np\n",
        "import matplotlib.pyplot as plt\n",
        "import pandas as pd"
      ],
      "execution_count": 0,
      "outputs": []
    },
    {
      "cell_type": "markdown",
      "metadata": {
        "id": "2v-HkHnyuQ3X",
        "colab_type": "text"
      },
      "source": [
        "Download dataset from: http://biostat.mc.vanderbilt.edu/wiki/pub/Main/DataSets/titanic3.csv\n",
        "Read the data and display the first 5 rows"
      ]
    },
    {
      "cell_type": "code",
      "metadata": {
        "id": "vadhAqiKNK7E",
        "colab_type": "code",
        "colab": {
          "base_uri": "https://localhost:8080/",
          "height": 120
        },
        "outputId": "5dbfda94-8daf-47fa-a888-b499960b180b"
      },
      "source": [
        "from google.colab import drive\n",
        "drive.mount('/content/drive')"
      ],
      "execution_count": 6,
      "outputs": [
        {
          "output_type": "stream",
          "text": [
            "Go to this URL in a browser: https://accounts.google.com/o/oauth2/auth?client_id=947318989803-6bn6qk8qdgf4n4g3pfee6491hc0brc4i.apps.googleusercontent.com&redirect_uri=urn%3aietf%3awg%3aoauth%3a2.0%3aoob&response_type=code&scope=email%20https%3a%2f%2fwww.googleapis.com%2fauth%2fdocs.test%20https%3a%2f%2fwww.googleapis.com%2fauth%2fdrive%20https%3a%2f%2fwww.googleapis.com%2fauth%2fdrive.photos.readonly%20https%3a%2f%2fwww.googleapis.com%2fauth%2fpeopleapi.readonly\n",
            "\n",
            "Enter your authorization code:\n",
            "··········\n",
            "Mounted at /content/drive\n"
          ],
          "name": "stdout"
        }
      ]
    },
    {
      "cell_type": "code",
      "metadata": {
        "id": "ltJCgPDzNitK",
        "colab_type": "code",
        "colab": {
          "base_uri": "https://localhost:8080/",
          "height": 33
        },
        "outputId": "22bd212b-c1b9-467e-eeea-a82c2cacd441"
      },
      "source": [
        "%ls"
      ],
      "execution_count": 7,
      "outputs": [
        {
          "output_type": "stream",
          "text": [
            "\u001b[0m\u001b[01;34mdrive\u001b[0m/  \u001b[01;34msample_data\u001b[0m/\n"
          ],
          "name": "stdout"
        }
      ]
    },
    {
      "cell_type": "code",
      "metadata": {
        "id": "LinX5ywNTUIm",
        "colab_type": "code",
        "colab": {
          "base_uri": "https://localhost:8080/",
          "height": 197
        },
        "outputId": "95b1f4f3-f5b0-4f68-bf0c-dcee8aa17407"
      },
      "source": [
        "#Download dataset from: http://biostat.mc.vanderbilt.edu/wiki/pub/Main/DataSets/titanic3.csv\n",
        "\n",
        "file_url = \"http://biostat.mc.vanderbilt.edu/wiki/pub/Main/DataSets/titanic3.csv\"\n",
        "df = pd.read_csv(file_url)\n",
        "df.head()\n"
      ],
      "execution_count": 8,
      "outputs": [
        {
          "output_type": "execute_result",
          "data": {
            "text/html": [
              "<div>\n",
              "<style scoped>\n",
              "    .dataframe tbody tr th:only-of-type {\n",
              "        vertical-align: middle;\n",
              "    }\n",
              "\n",
              "    .dataframe tbody tr th {\n",
              "        vertical-align: top;\n",
              "    }\n",
              "\n",
              "    .dataframe thead th {\n",
              "        text-align: right;\n",
              "    }\n",
              "</style>\n",
              "<table border=\"1\" class=\"dataframe\">\n",
              "  <thead>\n",
              "    <tr style=\"text-align: right;\">\n",
              "      <th></th>\n",
              "      <th>pclass</th>\n",
              "      <th>survived</th>\n",
              "      <th>name</th>\n",
              "      <th>sex</th>\n",
              "      <th>age</th>\n",
              "      <th>sibsp</th>\n",
              "      <th>parch</th>\n",
              "      <th>ticket</th>\n",
              "      <th>fare</th>\n",
              "      <th>cabin</th>\n",
              "      <th>embarked</th>\n",
              "      <th>boat</th>\n",
              "      <th>body</th>\n",
              "      <th>home.dest</th>\n",
              "    </tr>\n",
              "  </thead>\n",
              "  <tbody>\n",
              "    <tr>\n",
              "      <th>0</th>\n",
              "      <td>1</td>\n",
              "      <td>1</td>\n",
              "      <td>Allen, Miss. Elisabeth Walton</td>\n",
              "      <td>female</td>\n",
              "      <td>29.00</td>\n",
              "      <td>0</td>\n",
              "      <td>0</td>\n",
              "      <td>24160</td>\n",
              "      <td>211.3375</td>\n",
              "      <td>B5</td>\n",
              "      <td>S</td>\n",
              "      <td>2</td>\n",
              "      <td>NaN</td>\n",
              "      <td>St Louis, MO</td>\n",
              "    </tr>\n",
              "    <tr>\n",
              "      <th>1</th>\n",
              "      <td>1</td>\n",
              "      <td>1</td>\n",
              "      <td>Allison, Master. Hudson Trevor</td>\n",
              "      <td>male</td>\n",
              "      <td>0.92</td>\n",
              "      <td>1</td>\n",
              "      <td>2</td>\n",
              "      <td>113781</td>\n",
              "      <td>151.5500</td>\n",
              "      <td>C22 C26</td>\n",
              "      <td>S</td>\n",
              "      <td>11</td>\n",
              "      <td>NaN</td>\n",
              "      <td>Montreal, PQ / Chesterville, ON</td>\n",
              "    </tr>\n",
              "    <tr>\n",
              "      <th>2</th>\n",
              "      <td>1</td>\n",
              "      <td>0</td>\n",
              "      <td>Allison, Miss. Helen Loraine</td>\n",
              "      <td>female</td>\n",
              "      <td>2.00</td>\n",
              "      <td>1</td>\n",
              "      <td>2</td>\n",
              "      <td>113781</td>\n",
              "      <td>151.5500</td>\n",
              "      <td>C22 C26</td>\n",
              "      <td>S</td>\n",
              "      <td>NaN</td>\n",
              "      <td>NaN</td>\n",
              "      <td>Montreal, PQ / Chesterville, ON</td>\n",
              "    </tr>\n",
              "    <tr>\n",
              "      <th>3</th>\n",
              "      <td>1</td>\n",
              "      <td>0</td>\n",
              "      <td>Allison, Mr. Hudson Joshua Creighton</td>\n",
              "      <td>male</td>\n",
              "      <td>30.00</td>\n",
              "      <td>1</td>\n",
              "      <td>2</td>\n",
              "      <td>113781</td>\n",
              "      <td>151.5500</td>\n",
              "      <td>C22 C26</td>\n",
              "      <td>S</td>\n",
              "      <td>NaN</td>\n",
              "      <td>135.0</td>\n",
              "      <td>Montreal, PQ / Chesterville, ON</td>\n",
              "    </tr>\n",
              "    <tr>\n",
              "      <th>4</th>\n",
              "      <td>1</td>\n",
              "      <td>0</td>\n",
              "      <td>Allison, Mrs. Hudson J C (Bessie Waldo Daniels)</td>\n",
              "      <td>female</td>\n",
              "      <td>25.00</td>\n",
              "      <td>1</td>\n",
              "      <td>2</td>\n",
              "      <td>113781</td>\n",
              "      <td>151.5500</td>\n",
              "      <td>C22 C26</td>\n",
              "      <td>S</td>\n",
              "      <td>NaN</td>\n",
              "      <td>NaN</td>\n",
              "      <td>Montreal, PQ / Chesterville, ON</td>\n",
              "    </tr>\n",
              "  </tbody>\n",
              "</table>\n",
              "</div>"
            ],
            "text/plain": [
              "   pclass  survived  ...   body                        home.dest\n",
              "0       1         1  ...    NaN                     St Louis, MO\n",
              "1       1         1  ...    NaN  Montreal, PQ / Chesterville, ON\n",
              "2       1         0  ...    NaN  Montreal, PQ / Chesterville, ON\n",
              "3       1         0  ...  135.0  Montreal, PQ / Chesterville, ON\n",
              "4       1         0  ...    NaN  Montreal, PQ / Chesterville, ON\n",
              "\n",
              "[5 rows x 14 columns]"
            ]
          },
          "metadata": {
            "tags": []
          },
          "execution_count": 8
        }
      ]
    },
    {
      "cell_type": "markdown",
      "metadata": {
        "id": "vTk1-mF5WYFN",
        "colab_type": "text"
      },
      "source": [
        "### Preprocessing of the Dataset"
      ]
    },
    {
      "cell_type": "markdown",
      "metadata": {
        "id": "kx9UrI9WWt17",
        "colab_type": "text"
      },
      "source": [
        "\n",
        "\n",
        "---\n",
        "\n",
        "\n",
        "**1. Convert the categorical values of columns 'sex', 'embarked', 'pclass' into dummy values and add them into titanic_data_new DataFrame**\n",
        "\n",
        "\n",
        "\n",
        "\n",
        "---\n",
        "\n"
      ]
    },
    {
      "cell_type": "code",
      "metadata": {
        "id": "AwDh9njbZ0QU",
        "colab_type": "code",
        "colab": {
          "base_uri": "https://localhost:8080/",
          "height": 264
        },
        "outputId": "2e5046a3-1c3b-4168-ade2-2f5029c1549d"
      },
      "source": [
        "d_sex, d_embarked, d_pclass = pd.get_dummies(df[\"sex\"]), pd.get_dummies(df[\"embarked\"]), pd.get_dummies(df[\"pclass\"])\n",
        "titanic_data_new = pd.concat([df, d_sex, d_embarked, d_pclass], axis = 1)\n",
        "titanic_data_new.head()"
      ],
      "execution_count": 12,
      "outputs": [
        {
          "output_type": "execute_result",
          "data": {
            "text/html": [
              "<div>\n",
              "<style scoped>\n",
              "    .dataframe tbody tr th:only-of-type {\n",
              "        vertical-align: middle;\n",
              "    }\n",
              "\n",
              "    .dataframe tbody tr th {\n",
              "        vertical-align: top;\n",
              "    }\n",
              "\n",
              "    .dataframe thead th {\n",
              "        text-align: right;\n",
              "    }\n",
              "</style>\n",
              "<table border=\"1\" class=\"dataframe\">\n",
              "  <thead>\n",
              "    <tr style=\"text-align: right;\">\n",
              "      <th></th>\n",
              "      <th>pclass</th>\n",
              "      <th>survived</th>\n",
              "      <th>name</th>\n",
              "      <th>sex</th>\n",
              "      <th>age</th>\n",
              "      <th>sibsp</th>\n",
              "      <th>parch</th>\n",
              "      <th>ticket</th>\n",
              "      <th>fare</th>\n",
              "      <th>cabin</th>\n",
              "      <th>embarked</th>\n",
              "      <th>boat</th>\n",
              "      <th>body</th>\n",
              "      <th>home.dest</th>\n",
              "      <th>female</th>\n",
              "      <th>male</th>\n",
              "      <th>C</th>\n",
              "      <th>Q</th>\n",
              "      <th>S</th>\n",
              "      <th>1</th>\n",
              "      <th>2</th>\n",
              "      <th>3</th>\n",
              "    </tr>\n",
              "  </thead>\n",
              "  <tbody>\n",
              "    <tr>\n",
              "      <th>0</th>\n",
              "      <td>1</td>\n",
              "      <td>1</td>\n",
              "      <td>Allen, Miss. Elisabeth Walton</td>\n",
              "      <td>female</td>\n",
              "      <td>29.00</td>\n",
              "      <td>0</td>\n",
              "      <td>0</td>\n",
              "      <td>24160</td>\n",
              "      <td>211.3375</td>\n",
              "      <td>B5</td>\n",
              "      <td>S</td>\n",
              "      <td>2</td>\n",
              "      <td>NaN</td>\n",
              "      <td>St Louis, MO</td>\n",
              "      <td>1</td>\n",
              "      <td>0</td>\n",
              "      <td>0</td>\n",
